#####MAN#####

mobilenet_v3_large 0.30122
3.97 3.55 4.22 4.65 4.43 3.81 4.60
2.82 3.50 3.33 3.32


mobilenet_v2 0.282245
3.70 3.99 3.69 4.35 4.16 3.32 3.75
2.62 3.14 3.43 2.83


mobilenet_v3_small 0.293537
3.85 4.45 4.07 4.06 3.96 3.78 4.54
3.31 2.66 2.93 3.88


mobilenet_v3_small_MSE 0.160444
3.43 3.58 3.58 4.08 3.49 3.79 4.14
2.67 3.09 3.12 3.36


resnet18 0.287905
3.55 4.07 3.89 3.93 3.95 3.62 4.68
2.47 2.92 2.75 2.53
4.27 4.31 4.01 2.86 2.57


resnet18 0.281480


#####MAN+WOMAN#####

mobilenet_v3_small 0.305
3.04 3.87 3.55 3.05 4.50 3.18 4.11
3.27 3.10 2.72 2.95